4096 self_attn.q_proj 116.02906361680633 12.388695994681573 131.9309415458535 20.80141988182861
4096 self_attn.k_proj 116.04561878266298 12.298801169815151 124.81871058678313 23.381412026794365
4096 self_attn.v_proj 134.14865892142834 22.59774547869781 167.96202424789942 25.686477295578673
4096 self_attn.o_proj 130.5293996059133 33.596054467443096 146.06791533713513 20.084946755189858
4096 mlp.gate_proj 102.32694770523524 12.764241948388825 50.05635893194565 5.210869831591994
4096 mlp.up_proj 113.60987894462403 14.714893474986352 52.511996062912424 4.511502661526722
4096 mlp.down_proj 42.48453964462123 5.395449444998092 147.07176727743035 30.77317802212651
5120 self_attn.q_proj 123.72706738201971 13.496091363165386 142.69769442817827 20.387518386317755
5120 self_attn.k_proj 123.3798607661389 15.14979546487928 135.6367618711098 24.775809615139693
5120 self_attn.v_proj 141.63103307270353 24.473163490515606 172.38107160804697 30.762132249599905
5120 self_attn.o_proj 136.21593014777127 35.735617802909275 154.80074577617583 30.35501671474687
5120 mlp.gate_proj 109.73218411128256 15.225836548258881 53.65895338161564 4.914540714503752
5120 mlp.up_proj 122.63994915256242 16.966187169171693 56.867190020882646 5.504629675057731
5120 mlp.down_proj 46.31162194764557 6.7130914411890386 160.5826535696065 34.62591331236195
8192 self_attn.q_proj 140.8515372948215 15.496741111963903 164.91261468473846 19.248715002879905
8192 self_attn.k_proj 145.05133730752837 19.367737858158097 1336.832165063165 192.43737910460655
8192 self_attn.v_proj 159.5786212234341 19.133183198657406 1624.2846100323957 220.7156063875961
8192 self_attn.o_proj 166.88218921317574 34.751640935086925 170.17098166479545 27.98195047856381
8192 mlp.gate_proj 136.91752364380204 21.754394712449916 45.71225136950275 3.031452529382783
8192 mlp.up_proj 151.39234502105552 18.46614889737638 48.49569326760606 3.454675400810066
8192 mlp.down_proj 40.707258636281885 3.8082032460512583 173.92759557175273 22.483893028274135